84 72 0.000000
85 71 0.000000
84 71 0.000000
85 71 1.000000
84 71 1.000000
84 72 1.000000
139 41 0.000000
139 42 0.000000
139 42 1.000000
139 42 0.000000
140 43 1.000000
139 43 0.000000
139 43 1.000000
139 43 0.000000
140 42 1.000000
140 42 0.000000
140 43 0.000000
141 0 0.000000
65 120 0.000000
66 116 0.000000
71 110 0.000000
141 0 0.000000
103 61 0.000000
103 61 1.000000
139 55 0.000000
119 69 1.000000
139 41 0.000000
139 42 0.000000
139 43 0.000000
138 47 0.000000
138 49 0.000000
138 44 0.000000
134 59 0.000000
133 60 0.000000
132 60 0.000000
131 60 0.000000
121 63 0.000000
122 63 0.000000
123 63 0.000000
127 60 0.000000
136 53 1.000000
132 43 0.000000
132 42 0.000000
134 43 0.000000
134 44 0.000000
134 37 0.000000
134 38 0.000000
133 38 0.000000
132 38 0.000000
132 37 0.000000
133 37 0.000000
133 36 0.000000
133 35 0.000000
133 34 0.000000
131 44 0.000000
136 44 0.000000
137 44 0.000000
137 45 0.000000
137 46 0.000000
123 62 0.000000
135 28 0.000000
123 62 1.000000
119 69 0.000000
120 76 0.000000
119 76 0.000000
119 77 1.000000
119 77 0.000000
118 77 0.000000
117 76 0.000000
123 62 0.000000
116 75 0.000000
116 76 0.000000
118 60 0.000000
115 61 0.000000
111 67 0.000000
115 64 0.000000
114 64 0.000000
118 89 0.000000
118 93 0.000000
117 92 0.000000
117 91 0.000000
105 96 0.000000
105 95 0.000000
106 95 0.000000
120 50 0.000000
104 53 0.000000
100 48 0.000000
96 60 0.000000
91 50 0.000000
90 63 0.000000
88 60 0.000000
83 61 0.000000
83 53 0.000000
101 41 0.000000
121 63 0.000000
121 76 1.000000
120 76 0.000000
121 76 0.000000
139 41 0.000000
139 42 0.000000
89 50 0.000000
89 50 1.000000
90 50 0.000000
90 50 1.000000
89 49 0.000000
90 48 0.000000
90 49 0.000000
90 48 1.000000
90 48 0.000000
89 47 0.000000
89 48 0.000000
89 47 1.000000
121 76 1.000000
120 76 0.000000
121 76 0.000000
139 55 0.000000
141 0 0.000000
120 76 1.000000
65 120 0.000000
102 100 0.000000
117 92 0.000000
120 76 0.000000
120 76 1.000000
120 76 0.000000
120 76 1.000000
121 76 1.000000
121 76 0.000000
63 109 0.000000
120 76 0.000000
119 76 0.000000
118 77 0.000000
117 76 0.000000
117 76 1.000000
133 60 0.000000
134 59 0.000000
136 55 0.000000
138 49 0.000000
139 41 0.000000
139 42 0.000000
139 43 0.000000
138 47 0.000000
138 44 0.000000
136 54 0.000000
121 63 0.000000
122 63 0.000000
123 63 0.000000
111 67 0.000000
117 76 0.000000
116 75 0.000000
116 76 0.000000
118 93 0.000000
118 89 0.000000
66 52 0.000000
73 44 0.000000
66 44 0.000000
69 44 0.000000
66 43 0.000000
69 43 0.000000
67 43 0.000000
117 91 0.000000
91 98 0.000000
65 89 0.000000
63 88 0.000000
68 85 0.000000
65 82 0.000000
85 96 0.000000
63 109 1.000000
64 119 0.000000
64 118 0.000000
64 117 0.000000
60 92 0.000000
60 93 0.000000
26 93 0.000000
58 91 0.000000
58 90 0.000000
57 91 0.000000
56 91 0.000000
59 89 0.000000
60 41 0.000000
59 40 0.000000
49 37 0.000000
50 37 0.000000
42 29 0.000000
54 38 0.000000
36 21 0.000000
28 13 0.000000
